F00000000000000
000000000000000
000000000000000
111000000000000
000000000000000
001000000000000
000000000000000
000000000000000
000000000000000
000000000000000
000000000100000
000000000000000
000000000000000
000000000000000
000000000000000
000000000100000
000000000000000
000000000000000
000000000000000
000000000000000
000000000000000
000000000000000
00b000000000000
000000000100000
000000000000000
000000000000000
000000000000000
000000000000000
000010000000000
000000000000000
000000000000000
000000000000000
000000000000000
000000000000000
000000000000000
000000000000000
000000000000000
000000000000000
000000000001000
000000000000000
000000000000000
000100000000000
000000000000000
000000000000000
000000000000000
000000000000000
00000000000b000
000000000100000
000010000000000
000000000000000
000000000000000
000000000000000
000000000000000
000000000000000
000000000b00000
000010000000000
000000000000000
000000000000000
000000000000000
000000000100000
000000000000000
000000000000000
000000000000000
000000000000000
000000000100000
000000000000000
000000000000000
000010000000000
000000000000000
000000000000000
000000000010000
000000000000000
000000000000000
000000000000000
000000000000000
001000001111100
000000000000000
000000000000000
000000000000000
000000000000000
000000000100000
000000000000000
000000000000000
000000000000000
000000000000000
000000000100000
000000000000000
000000000000000
000000000000000
000000000000000
000000000000000
000000000000000
000000000000000
000000000100000
000000000000000
000000000000000
000000000000000
000000000000000
000010000000000
000000000000000
000000000000000
000000000000000
000000000000000
000000000000000
000000000000000
000000000000000
000000000000000
000000000000000
000000000001000
000000000000000
000000000000000
000100000110000
000000000000000
000000000000000
000000000000000
000000000000000
000000000000000
000000000100000
000010000000000
000000000000000
000000000000000
000000000000000
000000000000000
000000000000000
000000000000000
000010000000000
000000000000000
000000000000000
000000000000000
000000000100000
000000000000000
000000000000000
000000000000000
000000000000000
000000000100000
000000000000000
000000000011000
000010000000000
000000000000000
000000000000000
000000000010000
000000000000000
000000000000000
000000000000000
000001000000000
001000000000000
000000000000000
000000000000000
000000000000000
000000000000000
000000000100000
000000000000000
000000000000000
000000000000000
000000000000000
000000000100000
000000000000000
000000000000000
000000000111000
000000000000000
000000000000000
000000000000000
000000000000000
000000000100000
000000000000000
000000000000000
000000000000000
000000000000000
000010000000000
000000000000000
000000000000000
000000000000000
111110000000000
000000000000000
000000000000000
000000000000000
000000000000000
000000000000000
000000000001000
000000000000000
00000000b000000
000100000011000
000000000000000
000000000000000
000000000000000
000011111000000
000000000000000
000000000100000
000010000000b00
000000000000000
00b000000000000
000000000000000
000000000000000
000000000000000
000000000000000
000010000000000
000000000000000
000000000000000
0000000000000b0
100000000100000
000000000000000
0000b0000000000
000000000000000
000000000000000
000000000100000
000000000000000
000000000000000
000010000000000
000000000000000
111100000001111