F00000000000000
000000000000000
000000000000000
111000000000000
000000000000000
001000000000000
000000000000000
000000000000000
000000000000000
000000000000000
000000000100000
000000000000000
000000000000000
000000000000000
000000000000000
000000000100000
000000000000000
000000000000000
000000000000000
000000000000000
000000000000000
000000000000000
000000000000000
000000000100000
000000000000000
000000000000000
000000000000000
000000000000000
000010000000000
000000000000000
000000000000000
000000000000000
000000000000000
000000000000000
000000000000000
000000000000000
000000000000000
000000000000000
000000000001000
000000000000000
000000000000000
000100000000000
000000000000000
000000000000000
000000000000000
000000000000000
000000000000000
000000000100000
000010000000000
000000000000000
000000000000000
000000000000000
000000000000000
000000000000000
000000000000000
000020000000000
000000000000000
000000000000000
000000000000000
000000000100000
000000000000000
000000000000000
000000000000000
000000000000000
000000000100000
000000000000000
000000000000000
000020000000000
000000000000000
000000000000000
000000000020000
000000000000000
000000000000000
000000000000000
000000000000000
001000001111100
000000000000000
000000000000000
000000000000000
000000000000000
000000000100000
000000000000000
000000000000000
000000000000000
000000000000000
000000000100000
000000000000000
000000000000000
000000000000000
000000000000000
000000000000000
000000000000000
000000000000000
000000000100000
000000000000000
000000000000000
000000000000000
000000000000000
000010000000000
000000000000000
000000000000000
000000000000000
000000000000000
000000000000000
000000000000000
000000000000000
000000000000000
000000000000000
000000000001000
000000000000000
000000000000000
000100000110000
000000000000000
000000000000000
000000000000000
000000000000000
000000000000000
000000000100000
000010000000000
000000000000000
000000000000000
000000000000000
000000000000000
000000000000000
000000000000000
000020000000000
000000000000000
000000000000000
000000000000000
000000000100000
000000000000000
000000000000000
000000000000000
000000000000000
000000000100000
000000000000000
000000000011000
000020000000000
000000000000000
000000000000000
000000000020000
000000000000000
000000000000000
000000000000000
000001000000000
001000000000000
000000000000000
000000000000000
000000000000000
000000000000000
000000000100000
000000000000000
000000000000000
000000000000000
000000000000000
000000000100000
000000000000000
000000000000000
000000000111000
000000000000000
000000000000000
000000000000000
000000000000000
000000000100000
000000000000000
000000000000000
000000000000000
000000000000000
000010000000000
000000000000000
000000000000000
000000000000000
111110000000000
000000000000000
000000000000000
000000000000000
000000000000000
000000000000000
000000000001000
000000000000000
000000000000000
000100000011000
000000000000000
000000000000000
000000000000000
000011111000000
000000000000000
000000000100000
000010000000000
000000000000000
000000000000000
000000000000000
000000000000000
000000000000000
000000000000000
000020000000000
000000000000000
000000000000000
000000000000000
100000000100000
000000000000000
000000000000000
000000000000000
000000000000000
000000000100000
000000000000000
000000000000000
000020000000000
000000000000000
112200000001111